# T C S K PF ZT - in common units (https://github.com/JianboHIT/units4TE)
# Ref: S. I. Kim et al., Science 348, 109 (2015)
300     721.89    234.2     0.69    39.67    1.72
320     644.97    241.54    0.65    37.67    1.86
340     581.85    246.04    0.64    35       1.87
360     528.6     247.46    0.66    32.33    1.77
380     485.21    246.04    0.69    29.33    1.61
400     449.7     240.36    0.73    25.83    1.42
440     406.31    220       0.83    19.5     1.03
480     384.62    192.07    0.99    14.17    0.69
